9
-- draw --
6
2 5
3
0 4 5
1 4 5
2 3
0 2 3
-- mouse --
6
2 4 5
4 5
3 4 0
2
0 2 5
0 1 4
-- mouse --
4
1 3
0
3
0 2
-- draw --
7
3 4
3 5
3 6
0 1 2
0 5 6
1 4
2 4
-- cat --
4
3
3
3
0 1 2
-- mouse --
5
2 3
3 4
0 4
0 1
1 2
-- cat --
7
5 6
3,4
6
1,4,5
[1,3,5]
[0,3,4,6]
[0,2,5]
-- cat --
10
[[8],
[5,7,9],
[3,6,7],
[2,4,6,8],
[3,5,6,8],
[1,4,7,9],
[2,3,4,9],
[1,2,5,8],
[0,3,4,7],
[1,5,6]]
-- draw --
20
[[2,9,14],
[2,5,7],
[0,1,3,8,9,11,14],
[2,12],
[5,11,18],
[1,4,18],
[9,17,19],
[1,11,12,13,14,17,19],
[2,16,17],
[0,2,6,12,14,18],
[14],
[2,4,7],
[3,7,9,13],
[7,12,14],
[0,2,7,9,10,13,17],
[18],
[8,19],
[6,7,8,14,19],
[4,5,9,15],
[6,7,16,17]]